cs.po      strings: total: 20619	| 11517t	21f	9081u	| 55.85624909064455%t	0.10184781027207915%f	44.04190309908337%u
de.po      strings: total: 20619	| 19571t	1f	1047u	| 94.91730927785052%t	0.004849895727241865%f	5.077840826422232%u
en.po      strings: total: 20619	| 20619t	0f	0u	| 100.0%t	0.0%f	0.0%u
es.po      strings: total: 20619	| 19086t	1f	1532u	| 92.56510985013823%t	0.004849895727241865%f	7.4300402541345365%u
fr.po      strings: total: 20619	| 20619t	0f	0u	| 100.0%t	0.0%f	0.0%u
hi.po      strings: total: 20619	| 616t	0f	20003u	| 2.9875357679809884%t	0.0%f	97.01246423201901%u
id.po      strings: total: 20619	| 17098t	1f	3520u	| 82.92351714438139%t	0.004849895727241865%f	17.071632959891364%u
it.po      strings: total: 20619	| 13247t	109f	7263u	| 64.24656869877298%t	0.5286386342693632%f	35.22479266695766%u
ja.po      strings: total: 20619	| 2831t	13f	17775u	| 13.730054803821718%t	0.06304864445414424%f	86.20689655172414%u
ko.po      strings: total: 20619	| 876t	1f	19742u	| 4.248508657063873%t	0.004849895727241865%f	95.74664144720889%u
nl.po      strings: total: 20619	| 609t	0f	20010u	| 2.9535864978902953%t	0.0%f	97.0464135021097%u
pl.po      strings: total: 20619	| 12126t	5181f	3312u	| 58.809835588534845%t	25.1273097628401%f	16.062854648625056%u
pt.po      strings: total: 20619	| 19176t	56f	1387u	| 93.00160046558999%t	0.2715941607255444%f	6.726805373684466%u
ru.po      strings: total: 20619	| 19266t	4f	1349u	| 93.43809108104176%t	0.01939958290896746%f	6.5425093360492745%u
sv.po      strings: total: 20619	| 624t	0f	19995u	| 3.0263349337989234%t	0.0%f	96.97366506620108%u
th.po      strings: total: 20619	| 1827t	5f	18787u	| 8.860759493670885%t	0.024249478636209323%f	91.11499102769291%u
tr.po      strings: total: 20619	| 16842t	10f	3767u	| 81.68194383820747%t	0.048498957272418645%f	18.2695572045201%u
uk.po      strings: total: 20619	| 17986t	2f	2631u	| 87.23022455017217%t	0.00969979145448373%f	12.760075658373346%u
vi.po      strings: total: 20619	| 15806t	3f	4810u	| 76.6574518647849%t	0.014549687181725593%f	23.327998448033366%u
zh_Hans.po strings: total: 20619	| 19935t	0f	684u	| 96.68267132256656%t	0.0%f	3.3173286774334354%u
zh_Hant.po strings: total: 20619	| 11705t	6f	8908u	| 56.76802948736602%t	0.029099374363451187%f	43.202871138270524%u
